Esercizi lezione 2

1) 128.1.6.5/12 
   ip: 10000000.0001.0110.0101
subnet:11111111.11110000.00000000.00000000 = 255.240.0.0
ipnet :10000000.00000000.00000000.00000000 = 128.0.0.0
host : 1.048.574

2) 200.1.2.3/24
 ip:11001000.00000001.00000010.00000011.
sub:11111111.11111111.11111111.00000000. =255.255.255.0
ipn:11001000.00000001.00000010.00000000. =200.1.2.0
hos:254

3)192.192.1.1/22
 ip:11000000.11000000.00000001.00000001.
sub:11111111.11111111.11111100.00000000. =255.255.252.0
ipn:11000000.11000000.00000000.00000000. =192.192.0.0
hos:1022

4)126.5.4.3/9
 ip:01111110.00000101.00000100.00000011.
sub:11111111.10000000.00000000.00000000. =255.128.0.0
ipn:01111110.00000000.00000000.00000000. =126.0.0.0
hos:8.388.606

5)200.1.9.8/24
 ip:11001000.00000001.00001001.10000000.
sub:11111111.11111111.11111111.00000000.=255.255.255.0
ipn:11001000.00000001.00001001.00000000.=200.1.9.0
host:126

5)172.16.0.4
 ip:10101100.00010000.00000000.00000100.
sub:11111111.11111111.00000000.00000000.=255.255.0.0
ipn:10101100.00010000.00000000.00000000.=172.16.0.0
host:32.766.